0,390
16,7
19,10
13,73
19,9
13,72
19,8
13,71
19,7
13,68
13,67
19,6
13,66
19,2
13,64
19,1
13,59
19,5
13,58
13,56
20,2
13,51
20,1
13,50
20,5
13,48
14,8
13,47
14,2
13,45
13,39
21,7
13,38
21,6
13,37
21,2
13,36
21,1
13,33
21,5
13,29
15,8
13,28
15,2
13,27
13,26
17,2
13,25
18,2
13,22
13,21
13,44
13,20
13,19
13,43
13,18
13,57
13,17
13,55
13,15
13,62
13,14
13,13
13,30
13,12
13,46
13,11
13,129
13,10
12,6
13,24
12,5
13,41
12,2
13,52
12,1
13,9
11,6
13,61
11,5
11,2
11,1
13,70
10,39
13,16
10,37
13,34
10,36
13,32
10,34
13,54
10,33
13,74
10,31
13,2
10,28
10,27
16,8
10,26
16,1
10,24
16,6
10,23
16,2
98,1
368,1
10,22
16,5
368,5
10,20
72,1
98,6
10,19
72,5
10,18
10,16
10,13
10,12
10,11
13,76
10,2
8,7
13,63
13,35
13,8
8,6
10,38
13,128
15,9
8,5
10,5
13,7
15,5
8,2
10,10
13,60
14,9
15,7
8,1
14,5
10,9
13,1
15,1
6,6
14,7
10,8
13,77
15,6
10,7
14,1
6,5
13,5
10,1
14,6
6,2
13,6
10,6
6,1
